A*x = bShape of A:(4, 4)
 A:
[[ 8.55057905 -2.27088631 -1.57551898 -4.70417376]
 [-2.27088631  6.28295495 -1.62537597 -2.38669266]
 [-1.57551898 -1.62537597  4.46680073 -1.26590577]
 [-4.70417376 -2.38669266 -1.26590577  8.35677219]]
Shape of x:(4, 4)
 CG x:
[[ 6.01837649e+133 -3.33298150e+125  1.23675526e+124  3.54669660e+132]
 [-1.51657999e+125 -1.68289829e+135  1.40171956e+124 -3.78911100e+126]
 [ 5.18044082e+123  1.29036229e+124 -3.96200313e+133 -2.77645142e+123]
 [-6.35033871e+131  1.49100040e+126  1.18680668e+123 -1.84447513e+133]]
Shape of x:(4,)
 CG b:
[-12.55495829 -27.59197931 -29.97314569  70.12008329]
Shape of proveB:(4, 4)
 CG proveB:
[[ 5.17593349e+134  3.82167067e+135  6.24221114e+133  1.17093633e+134]
 [-1.35154858e+134 -1.05735741e+136  6.43974470e+133  3.59677839e+133]
 [-9.40167705e+133  2.73534244e+135 -1.76974785e+134  1.77614354e+133]
 [-2.88421720e+134  4.01656100e+135  5.01552263e+133 -1.70822853e+134]]
CG proveBNorm:1.0
