A*x = b
Shape of A:(50, 50)
 A:
[[ 1.08506347e+03 -5.15307141e+01 -2.99922371e+00 ... -7.70369466e+00
  -1.71061575e+01 -2.19015015e+00]
 [-5.15307141e+01  1.07781282e+03 -9.34626302e+00 ... -1.28018514e+01
  -8.17083541e+00 -9.26866984e+00]
 [-2.99922371e+00 -9.34626302e+00  1.97178917e+03 ... -1.04583420e+00
  -1.96792227e+01 -3.74187309e+02]
 ...
 [-7.70369466e+00 -1.28018514e+01 -1.04583420e+00 ...  9.44976302e+02
  -7.42862526e+00 -7.32362635e+01]
 [-1.71061575e+01 -8.17083541e+00 -1.96792227e+01 ... -7.42862526e+00
   1.12115801e+03 -1.12503002e+00]
 [-2.19015015e+00 -9.26866984e+00 -3.74187309e+02 ... -7.32362635e+01
  -1.12503002e+00  1.38434709e+03]]
Shape of x:(50, 1)
 CG x:
[[-27.57887032]
 [ 16.82835453]
 [ 13.78771332]
 [  4.83734438]
 [ -9.37318932]
 [-45.30878882]
 [  2.92887758]
 [ -4.89452779]
 [-50.17857892]
 [-18.48865474]
 [-28.35215061]
 [ 11.12247415]
 [ 15.68093832]
 [ 24.97090869]
 [ 20.16006159]
 [ -4.66302631]
 [  6.07399641]
 [ 15.84873427]
 [ 14.89464844]
 [ 24.43917587]
 [ 26.92738171]
 [ 12.35215446]
 [ -5.96700154]
 [ 19.8556777 ]
 [  6.34139998]
 [-35.5722439 ]
 [  0.56815453]
 [-36.62048284]
 [ -5.2763398 ]
 [ 10.9760102 ]
 [ -0.42516874]
 [-16.53252168]
 [-12.03532264]
 [-24.7153525 ]
 [  5.39463535]
 [  5.95599443]
 [ 50.45293188]
 [ 18.84708974]
 [-29.12500279]
 [ 14.39186757]
 [ -5.94423889]
 [  5.8549079 ]
 [-44.00715793]
 [ -8.13986207]
 [  7.60470721]
 [ 17.21225797]
 [ -1.55555168]
 [ 14.33725875]
 [ 11.00136152]
 [ 15.10701537]]
Shape of b:(50,)
 CG b:
[-2.99229954e+04  2.29383757e+04  4.11862895e+04  2.03804038e+04
  2.69257176e+04 -1.66339087e+05  7.28799865e+02 -2.72671384e+04
 -3.91863474e+04 -9.89663799e+03 -2.24781642e+04  8.72748474e+03
  1.03865235e+04  7.18680837e+04  3.04755093e+04 -2.04986220e+04
  7.95654467e+03  1.84531841e+04  1.21195217e+04  1.29132985e+06
  1.76341866e+04  6.43203148e+03 -4.54446258e+03  1.12502280e+05
  3.82959931e+03 -3.94800637e+05 -7.46264324e+03 -1.30565905e+06
 -4.45404855e+03  8.17424148e+03 -1.69700489e+03 -2.13434829e+04
 -1.95319623e+04 -2.17532982e+04  3.04522832e+03  1.15105704e+04
  4.28437101e+05  1.25394118e+04 -3.44467400e+04  1.63070680e+04
 -4.00280987e+03  4.46408644e+03 -1.20559165e+05 -7.98029451e+03
  6.08440855e+03  1.96382643e+04 -2.29426365e+03  1.36035533e+04
  2.22546249e+04  1.61859108e+04]
[CG] last iteration: 24, residual: 6.599078578874129e-10, time: 1.001364ms